#                A Homogeneous Main-Sequence Model
# 
# The surface conditions are:          The central conditions are:#
# Mtot =      1.000000 Msun            Mc/Mtot     =  8.79783E-03
# Rtot =      0.965769 Rsun            Rc/Rtot     =  7.30000E-02
# Ltot =      0.770000 Lsun            Lc/Ltot     = -1.73054E-02
# Teff =   5500.000000 K               Density     =  3.53609E+01# g/cm**3
# X    =      0.710000                 Temperature =  2.90906E+07 K
# Y    =      0.282000                 Pressure    =  1.38797E+17# dynes/cm**2
# Z    =      0.008000                 epsilon     = -2.91344E+00# ergs/s/g
#                                      dlnP/dlnT   =  2.05879E+01
#
# 
# Notes: 
# (1) Mass is listed as Qm = 1.0 - M_r/Mtot, where Mtot =  1.989000E+33 g
# (2) Convective zones are indicated by c, radiative zones by r
# (3) dlnP/dlnT may be limited to +99.9 or -99.9; if so it is# labeled by *
#
#
#      r       Qm       L_r       T        P       rho      kap      eps   dlPdlT
  4.91E+09 9.91E-01-5.10E+31 1.25E+07 1.35E+17 7.98E+01 1.97E+00 9.73E+00 r 20.6
  5.58E+09 9.82E-01 1.25E+32 1.25E+07 1.31E+17 7.79E+01 1.95E+00 9.45E+00 r  5.0
  6.25E+09 9.71E-01 3.34E+32 1.24E+07 1.27E+17 7.57E+01 1.94E+00 8.90E+00 r  3.9
  6.92E+09 9.57E-01 5.67E+32 1.23E+07 1.21E+17 7.32E+01 1.96E+00 8.18E+00 r  3.5
  7.60E+09 9.41E-01 8.16E+32 1.21E+07 1.15E+17 7.05E+01 1.99E+00 7.38E+00 r  3.3
  8.27E+09 9.22E-01 1.07E+33 1.19E+07 1.08E+17 6.76E+01 2.04E+00 6.53E+00 r  3.3
  8.94E+09 9.01E-01 1.32E+33 1.16E+07 1.01E+17 6.46E+01 2.09E+00 5.69E+00 r  3.2
  9.61E+09 8.78E-01 1.56E+33 1.14E+07 9.41E+16 6.14E+01 2.15E+00 4.89E+00 r  3.2
  1.03E+10 8.53E-01 1.79E+33 1.11E+07 8.69E+16 5.81E+01 2.22E+00 4.14E+00 r  3.2
  1.10E+10 8.26E-01 1.99E+33 1.08E+07 7.98E+16 5.48E+01 2.30E+00 3.46E+00 r  3.3
  1.16E+10 7.98E-01 2.17E+33 1.05E+07 7.28E+16 5.14E+01 2.38E+00 2.86E+00 r  3.3
  1.23E+10 7.67E-01 2.33E+33 1.02E+07 6.61E+16 4.81E+01 2.47E+00 2.33E+00 r  3.3
  1.30E+10 7.36E-01 2.46E+33 9.88E+06 5.97E+16 4.47E+01 2.57E+00 1.89E+00 r  3.4
  1.36E+10 7.04E-01 2.57E+33 9.57E+06 5.36E+16 4.15E+01 2.67E+00 1.51E+00 r  3.4
  1.43E+10 6.70E-01 2.66E+33 9.27E+06 4.79E+16 3.83E+01 2.77E+00 1.19E+00 r  3.5
  1.50E+10 6.37E-01 2.73E+33 8.96E+06 4.26E+16 3.52E+01 2.88E+00 9.35E-01 r  3.6
  1.57E+10 6.03E-01 2.78E+33 8.66E+06 3.77E+16 3.23E+01 2.99E+00 7.27E-01 r  3.6
  1.63E+10 5.70E-01 2.83E+33 8.37E+06 3.33E+16 2.95E+01 3.10E+00 5.60E-01 r  3.7
  1.70E+10 5.37E-01 2.86E+33 8.08E+06 2.93E+16 2.68E+01 3.21E+00 4.28E-01 r  3.7
  1.77E+10 5.04E-01 2.88E+33 7.80E+06 2.56E+16 2.43E+01 3.33E+00 3.25E-01 r  3.8
  1.84E+10 4.72E-01 2.90E+33 7.52E+06 2.24E+16 2.20E+01 3.45E+00 2.45E-01 r  3.8
  1.90E+10 4.41E-01 2.91E+33 7.25E+06 1.94E+16 1.99E+01 3.56E+00 1.83E-01 r  3.9
  1.97E+10 4.11E-01 2.92E+33 6.99E+06 1.69E+16 1.79E+01 3.68E+00 1.36E-01 r  3.9
  2.04E+10 3.82E-01 2.93E+33 6.74E+06 1.46E+16 1.60E+01 3.80E+00 1.00E-01 r  4.0
  2.10E+10 3.55E-01 2.94E+33 6.49E+06 1.26E+16 1.44E+01 3.91E+00 7.37E-02 r  4.0
  2.17E+10 3.28E-01 2.94E+33 6.26E+06 1.08E+16 1.28E+01 4.03E+00 5.38E-02 r  4.1
  2.24E+10 3.03E-01 2.94E+33 6.03E+06 9.32E+15 1.15E+01 4.15E+00 3.90E-02 r  4.1
  2.31E+10 2.79E-01 2.94E+33 5.81E+06 7.99E+15 1.02E+01 4.27E+00 2.82E-02 r  4.1
  2.37E+10 2.57E-01 2.94E+33 5.59E+06 6.85E+15 9.07E+00 4.38E+00 2.02E-02 r  4.2
  2.44E+10 2.36E-01 2.94E+33 5.38E+06 5.85E+15 8.05E+00 4.50E+00 1.45E-02 r  4.2
  2.51E+10 2.16E-01 2.95E+33 5.18E+06 5.00E+15 7.14E+00 4.62E+00 1.03E-02 r  4.2
  2.57E+10 1.98E-01 2.95E+33 4.99E+06 4.26E+15 6.32E+00 4.74E+00 7.28E-03 r  4.2
  2.64E+10 1.81E-01 2.95E+33 4.81E+06 3.63E+15 5.59E+00 4.85E+00 5.13E-03 r  4.3
  2.71E+10 1.65E-01 2.95E+33 4.63E+06 3.08E+15 4.94E+00 4.97E+00 3.59E-03 r  4.3
  2.78E+10 1.50E-01 2.95E+33 4.45E+06 2.62E+15 4.36E+00 5.09E+00 2.51E-03 r  4.3
  2.84E+10 1.36E-01 2.95E+33 4.29E+06 2.22E+15 3.84E+00 5.21E+00 1.74E-03 r  4.3
  2.91E+10 1.24E-01 2.95E+33 4.13E+06 1.88E+15 3.38E+00 5.33E+00 1.20E-03 r  4.3
  2.98E+10 1.12E-01 2.95E+33 3.97E+06 1.60E+15 2.98E+00 5.45E+00 8.28E-04 r  4.4
  3.04E+10 1.01E-01 2.95E+33 3.82E+06 1.35E+15 2.62E+00 5.58E+00 5.67E-04 r  4.4
  3.11E+10 9.13E-02 2.95E+33 3.68E+06 1.14E+15 2.30E+00 5.70E+00 3.86E-04 r  4.4
  3.18E+10 8.22E-02 2.95E+33 3.54E+06 9.64E+14 2.02E+00 5.83E+00 2.62E-04 r  4.4
  3.25E+10 7.39E-02 2.95E+33 3.41E+06 8.13E+14 1.77E+00 5.95E+00 1.76E-04 r  4.4
  3.31E+10 6.64E-02 2.95E+33 3.28E+06 6.85E+14 1.55E+00 6.08E+00 1.18E-04 r  4.4
  3.38E+10 5.95E-02 2.95E+33 3.15E+06 5.77E+14 1.36E+00 6.21E+00 7.89E-05 r  4.4
  3.45E+10 5.32E-02 2.95E+33 3.03E+06 4.85E+14 1.19E+00 6.35E+00 5.23E-05 r  4.4
  3.52E+10 4.75E-02 2.95E+33 2.91E+06 4.08E+14 1.04E+00 6.48E+00 3.44E-05 r  4.4
  3.58E+10 4.23E-02 2.95E+33 2.80E+06 3.42E+14 9.05E-01 6.62E+00 2.25E-05 r  4.5
  3.65E+10 3.76E-02 2.95E+33 2.69E+06 2.87E+14 7.89E-01 6.77E+00 1.47E-05 r  4.5
  3.72E+10 3.33E-02 2.95E+33 2.59E+06 2.40E+14 6.87E-01 6.91E+00 9.46E-06 r  4.5
  3.78E+10 2.95E-02 2.95E+33 2.49E+06 2.01E+14 5.98E-01 7.06E+00 6.06E-06 r  4.5
  3.85E+10 2.61E-02 2.95E+33 2.39E+06 1.67E+14 5.19E-01 7.22E+00 3.85E-06 r  4.5
  3.92E+10 2.30E-02 2.95E+33 2.29E+06 1.39E+14 4.51E-01 7.37E+00 2.43E-06 r  4.5
  3.99E+10 2.02E-02 2.95E+33 2.20E+06 1.16E+14 3.90E-01 7.54E+00 1.52E-06 r  4.5
  4.05E+10 1.77E-02 2.95E+33 2.11E+06 9.62E+13 3.38E-01 7.70E+00 9.39E-07 r  4.5
  4.12E+10 1.54E-02 2.95E+33 2.02E+06 7.97E+13 2.92E-01 7.88E+00 5.76E-07 r  4.5
  4.19E+10 1.35E-02 2.95E+33 1.94E+06 6.59E+13 2.52E-01 8.05E+00 3.49E-07 r  4.5
  4.25E+10 1.17E-02 2.95E+33 1.86E+06 5.43E+13 2.17E-01 8.24E+00 2.09E-07 r  4.5
  4.32E+10 1.01E-02 2.95E+33 1.78E+06 4.47E+13 1.86E-01 8.43E+00 1.24E-07 r  4.5
  4.33E+10 9.98E-03 2.95E+33 1.77E+06 4.38E+13 1.83E-01 8.45E+00 1.18E-07 r  4.5
  4.34E+10 9.83E-03 2.95E+33 1.76E+06 4.30E+13 1.80E-01 8.47E+00 1.11E-07 r  4.5
  4.34E+10 9.69E-03 2.95E+33 1.76E+06 4.21E+13 1.78E-01 8.49E+00 1.06E-07 r  4.5
  4.35E+10 9.55E-03 2.95E+33 1.75E+06 4.13E+13 1.75E-01 8.51E+00 1.00E-07 r  4.5
  4.36E+10 9.41E-03 2.95E+33 1.74E+06 4.05E+13 1.72E-01 8.53E+00 9.49E-08 r  4.5
  4.36E+10 9.27E-03 2.95E+33 1.73E+06 3.97E+13 1.70E-01 8.55E+00 8.99E-08 r  4.5
  4.37E+10 9.13E-03 2.95E+33 1.73E+06 3.89E+13 1.67E-01 8.57E+00 8.52E-08 r  4.5
  4.38E+10 9.00E-03 2.95E+33 1.72E+06 3.81E+13 1.64E-01 8.59E+00 8.07E-08 r  4.5
  4.38E+10 8.87E-03 2.95E+33 1.71E+06 3.74E+13 1.62E-01 8.61E+00 7.65E-08 r  4.5
  4.39E+10 8.73E-03 2.95E+33 1.70E+06 3.67E+13 1.59E-01 8.63E+00 7.24E-08 r  4.5
  4.40E+10 8.60E-03 2.95E+33 1.70E+06 3.59E+13 1.57E-01 8.65E+00 6.86E-08 r  4.5
  4.40E+10 8.48E-03 2.95E+33 1.69E+06 3.52E+13 1.54E-01 8.67E+00 6.50E-08 r  4.5
  4.41E+10 8.35E-03 2.95E+33 1.68E+06 3.45E+13 1.52E-01 8.69E+00 6.15E-08 r  4.5
  4.42E+10 8.23E-03 2.95E+33 1.67E+06 3.38E+13 1.50E-01 8.71E+00 5.82E-08 r  4.5
  4.42E+10 8.10E-03 2.95E+33 1.67E+06 3.32E+13 1.47E-01 8.73E+00 5.51E-08 r  4.5
  4.43E+10 7.98E-03 2.95E+33 1.66E+06 3.25E+13 1.45E-01 8.75E+00 5.22E-08 r  4.5
  4.44E+10 7.86E-03 2.95E+33 1.65E+06 3.19E+13 1.43E-01 8.77E+00 4.93E-08 r  4.5
  4.44E+10 7.74E-03 2.95E+33 1.64E+06 3.12E+13 1.41E-01 8.79E+00 4.67E-08 r  4.5
  4.45E+10 7.62E-03 2.95E+33 1.64E+06 3.06E+13 1.38E-01 8.81E+00 4.42E-08 r  4.5
  4.46E+10 7.51E-03 2.95E+33 1.63E+06 3.00E+13 1.36E-01 8.83E+00 4.18E-08 r  4.5
  4.46E+10 7.39E-03 2.95E+33 1.62E+06 2.94E+13 1.34E-01 8.86E+00 3.95E-08 r  4.5
  4.47E+10 7.28E-03 2.95E+33 1.61E+06 2.88E+13 1.32E-01 8.88E+00 3.73E-08 r  4.5
  4.48E+10 7.17E-03 2.95E+33 1.61E+06 2.82E+13 1.30E-01 8.90E+00 3.53E-08 r  4.5
  4.48E+10 7.06E-03 2.95E+33 1.60E+06 2.76E+13 1.28E-01 8.92E+00 3.34E-08 r  4.5
  4.49E+10 6.95E-03 2.95E+33 1.59E+06 2.71E+13 1.26E-01 8.94E+00 3.15E-08 r  4.5
  4.50E+10 6.84E-03 2.95E+33 1.59E+06 2.65E+13 1.24E-01 8.96E+00 2.98E-08 r  4.5
  4.50E+10 6.74E-03 2.95E+33 1.58E+06 2.60E+13 1.22E-01 8.98E+00 2.82E-08 r  4.5
  4.51E+10 6.63E-03 2.95E+33 1.57E+06 2.55E+13 1.20E-01 9.01E+00 2.66E-08 r  4.5
  4.52E+10 6.53E-03 2.95E+33 1.56E+06 2.49E+13 1.18E-01 9.03E+00 2.51E-08 r  4.5
  4.52E+10 6.43E-03 2.95E+33 1.56E+06 2.44E+13 1.16E-01 9.05E+00 2.37E-08 r  4.5
  4.53E+10 6.33E-03 2.95E+33 1.55E+06 2.39E+13 1.14E-01 9.07E+00 2.24E-08 r  4.5
  4.54E+10 6.23E-03 2.95E+33 1.54E+06 2.35E+13 1.13E-01 9.09E+00 2.11E-08 r  4.5
  4.54E+10 6.13E-03 2.95E+33 1.54E+06 2.30E+13 1.11E-01 9.12E+00 2.00E-08 r  4.5
  4.55E+10 6.04E-03 2.95E+33 1.53E+06 2.25E+13 1.09E-01 9.14E+00 1.88E-08 r  4.5
  4.56E+10 5.94E-03 2.95E+33 1.52E+06 2.20E+13 1.07E-01 9.16E+00 1.78E-08 r  4.5
  4.56E+10 5.85E-03 2.95E+33 1.52E+06 2.16E+13 1.05E-01 9.18E+00 1.68E-08 r  4.5
  4.57E+10 5.75E-03 2.95E+33 1.51E+06 2.11E+13 1.04E-01 9.21E+00 1.58E-08 r  4.5
  4.58E+10 5.66E-03 2.95E+33 1.50E+06 2.07E+13 1.02E-01 9.23E+00 1.49E-08 r  4.5
  4.58E+10 5.57E-03 2.95E+33 1.49E+06 2.03E+13 1.00E-01 9.25E+00 1.41E-08 r  4.5
  4.59E+10 5.48E-03 2.95E+33 1.49E+06 1.99E+13 9.89E-02 9.27E+00 1.33E-08 r  4.5
  4.60E+10 5.40E-03 2.95E+33 1.48E+06 1.94E+13 9.72E-02 9.30E+00 1.25E-08 r  4.5
  4.60E+10 5.31E-03 2.95E+33 1.47E+06 1.90E+13 9.57E-02 9.32E+00 1.18E-08 r  4.5
  4.61E+10 5.22E-03 2.95E+33 1.47E+06 1.86E+13 9.41E-02 9.34E+00 1.11E-08 r  4.5
  4.62E+10 5.14E-03 2.95E+33 1.46E+06 1.83E+13 9.26E-02 9.37E+00 1.05E-08 r  4.5
  4.62E+10 5.06E-03 2.95E+33 1.45E+06 1.79E+13 9.11E-02 9.39E+00 9.85E-09 r  4.5
  4.63E+10 4.97E-03 2.95E+33 1.45E+06 1.75E+13 8.96E-02 9.41E+00 9.28E-09 r  4.5
  4.64E+10 4.89E-03 2.95E+33 1.44E+06 1.71E+13 8.81E-02 9.44E+00 8.74E-09 r  4.5
  4.64E+10 4.81E-03 2.95E+33 1.43E+06 1.68E+13 8.67E-02 9.46E+00 8.23E-09 r  4.5
  4.65E+10 4.73E-03 2.95E+33 1.43E+06 1.64E+13 8.52E-02 9.48E+00 7.74E-09 r  4.5
  4.66E+10 4.66E-03 2.95E+33 1.42E+06 1.61E+13 8.38E-02 9.51E+00 7.29E-09 r  4.5
  4.66E+10 4.58E-03 2.95E+33 1.41E+06 1.57E+13 8.24E-02 9.53E+00 6.86E-09 r  4.5
  4.67E+10 4.50E-03 2.95E+33 1.41E+06 1.54E+13 8.11E-02 9.56E+00 6.45E-09 r  4.5
  4.68E+10 4.43E-03 2.95E+33 1.40E+06 1.51E+13 7.97E-02 9.58E+00 6.07E-09 r  4.5
  4.68E+10 4.36E-03 2.95E+33 1.39E+06 1.47E+13 7.84E-02 9.60E+00 5.70E-09 r  4.5
  4.69E+10 4.28E-03 2.95E+33 1.39E+06 1.44E+13 7.71E-02 9.63E+00 5.36E-09 r  4.5
  4.70E+10 4.21E-03 2.95E+33 1.38E+06 1.41E+13 7.58E-02 9.65E+00 5.04E-09 r  4.5
  4.71E+10 4.14E-03 2.95E+33 1.37E+06 1.38E+13 7.46E-02 9.68E+00 4.74E-09 r  4.5
  4.71E+10 4.07E-03 2.95E+33 1.37E+06 1.35E+13 7.33E-02 9.70E+00 4.45E-09 r  4.5
  4.72E+10 4.00E-03 2.95E+33 1.36E+06 1.32E+13 7.21E-02 9.73E+00 4.18E-09 r  4.5
  4.73E+10 3.94E-03 2.95E+33 1.35E+06 1.30E+13 7.09E-02 9.75E+00 3.93E-09 r  4.5
  4.73E+10 3.87E-03 2.95E+33 1.35E+06 1.27E+13 6.97E-02 9.78E+00 3.69E-09 r  4.5
  4.74E+10 3.80E-03 2.95E+33 1.34E+06 1.24E+13 6.85E-02 9.80E+00 3.46E-09 r  4.5
  4.75E+10 3.74E-03 2.95E+33 1.33E+06 1.21E+13 6.73E-02 9.83E+00 3.25E-09 r  4.5
  4.75E+10 3.67E-03 2.95E+33 1.33E+06 1.19E+13 6.62E-02 9.85E+00 3.05E-09 r  4.5
  4.76E+10 3.61E-03 2.95E+33 1.32E+06 1.16E+13 6.51E-02 9.88E+00 2.86E-09 r  4.5
  4.77E+10 3.55E-03 2.95E+33 1.32E+06 1.14E+13 6.40E-02 9.91E+00 2.69E-09 r  4.5
  4.77E+10 3.49E-03 2.95E+33 1.31E+06 1.11E+13 6.29E-02 9.93E+00 2.52E-09 r  4.5
  4.78E+10 3.43E-03 2.95E+33 1.30E+06 1.09E+13 6.18E-02 9.96E+00 2.36E-09 r  4.5
  4.79E+10 3.37E-03 2.95E+33 1.30E+06 1.06E+13 6.07E-02 9.98E+00 2.21E-09 r  4.5
  4.79E+10 3.31E-03 2.95E+33 1.29E+06 1.04E+13 5.97E-02 1.00E+01 2.08E-09 r  4.5
  4.80E+10 3.25E-03 2.95E+33 1.28E+06 1.02E+13 5.87E-02 1.00E+01 1.95E-09 r  4.5
  4.81E+10 3.19E-03 2.95E+33 1.28E+06 9.94E+12 5.77E-02 1.01E+01 1.82E-09 r  4.5
  4.81E+10 3.14E-03 2.95E+33 1.27E+06 9.72E+12 5.67E-02 1.01E+01 1.71E-09 r  4.5
  4.82E+10 3.08E-03 2.95E+33 1.26E+06 9.51E+12 5.57E-02 1.01E+01 1.60E-09 r  4.5
  4.83E+10 3.03E-03 2.95E+33 1.26E+06 9.30E+12 5.47E-02 1.01E+01 1.50E-09 r  4.5
  4.83E+10 2.97E-03 2.95E+33 1.25E+06 9.09E+12 5.38E-02 1.02E+01 1.40E-09 r  4.5
  4.84E+10 2.92E-03 2.95E+33 1.25E+06 8.89E+12 5.28E-02 1.02E+01 1.31E-09 r  4.5
  4.85E+10 2.87E-03 2.95E+33 1.24E+06 8.69E+12 5.19E-02 1.02E+01 1.23E-09 r  4.5
  4.85E+10 2.82E-03 2.95E+33 1.23E+06 8.49E+12 5.10E-02 1.03E+01 1.15E-09 r  4.5
  4.86E+10 2.77E-03 2.95E+33 1.23E+06 8.30E+12 5.01E-02 1.03E+01 1.07E-09 r  4.5
  4.87E+10 2.72E-03 2.95E+33 1.22E+06 8.12E+12 4.92E-02 1.03E+01 1.00E-09 r  4.5
  4.87E+10 2.67E-03 2.95E+33 1.22E+06 7.93E+12 4.84E-02 1.03E+01 9.38E-10 r  4.5
  4.88E+10 2.62E-03 2.95E+33 1.21E+06 7.75E+12 4.75E-02 1.04E+01 8.76E-10 r  4.5
  4.89E+10 2.57E-03 2.95E+33 1.20E+06 7.58E+12 4.67E-02 1.04E+01 8.19E-10 r  4.5
  4.89E+10 2.53E-03 2.95E+33 1.20E+06 7.41E+12 4.58E-02 1.04E+01 7.65E-10 r  4.5
  4.90E+10 2.48E-03 2.95E+33 1.19E+06 7.24E+12 4.50E-02 1.05E+01 7.14E-10 r  4.5
  4.91E+10 2.43E-03 2.95E+33 1.18E+06 7.07E+12 4.42E-02 1.05E+01 6.67E-10 r  4.5
  4.91E+10 2.39E-03 2.95E+33 1.18E+06 6.91E+12 4.34E-02 1.05E+01 6.22E-10 r  4.5
  4.92E+10 2.34E-03 2.95E+33 1.17E+06 6.75E+12 4.26E-02 1.05E+01 5.81E-10 r  4.5
  4.93E+10 2.30E-03 2.95E+33 1.17E+06 6.60E+12 4.19E-02 1.06E+01 5.42E-10 r  4.5
  4.93E+10 2.26E-03 2.95E+33 1.16E+06 6.45E+12 4.11E-02 1.06E+01 5.05E-10 r  4.5
  4.94E+10 2.22E-03 2.95E+33 1.16E+06 6.30E+12 4.04E-02 1.06E+01 4.71E-10 r  4.5
  4.95E+10 2.17E-03 2.95E+33 1.15E+06 6.15E+12 3.96E-02 1.07E+01 4.39E-10 r  4.5
  4.95E+10 2.13E-03 2.95E+33 1.14E+06 6.01E+12 3.89E-02 1.07E+01 4.09E-10 r  4.5
  4.96E+10 2.09E-03 2.95E+33 1.14E+06 5.87E+12 3.82E-02 1.07E+01 3.81E-10 r  4.5
  4.97E+10 2.05E-03 2.95E+33 1.13E+06 5.73E+12 3.75E-02 1.07E+01 3.55E-10 r  4.5
  4.97E+10 2.01E-03 2.95E+33 1.13E+06 5.60E+12 3.68E-02 1.08E+01 3.31E-10 r  4.5
  4.98E+10 1.98E-03 2.95E+33 1.12E+06 5.47E+12 3.62E-02 1.08E+01 3.08E-10 r  4.5
  4.99E+10 1.94E-03 2.95E+33 1.11E+06 5.34E+12 3.55E-02 1.08E+01 2.86E-10 r  4.5
  4.99E+10 1.90E-03 2.95E+33 1.11E+06 5.21E+12 3.48E-02 1.09E+01 2.66E-10 r  4.5
  5.00E+10 1.86E-03 2.95E+33 1.10E+06 5.09E+12 3.42E-02 1.09E+01 2.48E-10 r  4.5
  5.01E+10 1.83E-03 2.95E+33 1.10E+06 4.97E+12 3.36E-02 1.09E+01 2.30E-10 r  4.5
  5.01E+10 1.79E-03 2.95E+33 1.09E+06 4.85E+12 3.29E-02 1.10E+01 2.14E-10 r  4.5
  5.02E+10 1.76E-03 2.95E+33 1.08E+06 4.74E+12 3.23E-02 1.10E+01 1.99E-10 r  4.5
  5.03E+10 1.72E-03 2.95E+33 1.08E+06 4.62E+12 3.17E-02 1.10E+01 1.85E-10 r  4.5
  5.03E+10 1.69E-03 2.95E+33 1.07E+06 4.51E+12 3.11E-02 1.11E+01 1.72E-10 r  4.5
  5.04E+10 1.66E-03 2.95E+33 1.07E+06 4.40E+12 3.05E-02 1.11E+01 1.59E-10 r  4.5
  5.05E+10 1.62E-03 2.95E+33 1.06E+06 4.30E+12 3.00E-02 1.11E+01 1.48E-10 r  4.5
  5.05E+10 1.59E-03 2.95E+33 1.06E+06 4.19E+12 2.94E-02 1.12E+01 1.37E-10 r  4.5
  5.06E+10 1.56E-03 2.95E+33 1.05E+06 4.09E+12 2.89E-02 1.12E+01 1.27E-10 r  4.5
  5.07E+10 1.53E-03 2.95E+33 1.04E+06 3.99E+12 2.83E-02 1.12E+01 1.18E-10 r  4.5
  5.07E+10 1.50E-03 2.95E+33 1.04E+06 3.90E+12 2.78E-02 1.13E+01 1.09E-10 r  4.5
  5.08E+10 1.47E-03 2.95E+33 1.03E+06 3.80E+12 2.72E-02 1.13E+01 1.01E-10 r  4.5
  5.09E+10 1.44E-03 2.95E+33 1.03E+06 3.71E+12 2.67E-02 1.13E+01 9.39E-11 r  4.5
  5.10E+10 1.41E-03 2.95E+33 1.02E+06 3.62E+12 2.62E-02 1.14E+01 8.70E-11 r  4.5
  5.10E+10 1.38E-03 2.95E+33 1.02E+06 3.53E+12 2.57E-02 1.14E+01 8.05E-11 r  4.5
  5.11E+10 1.35E-03 2.95E+33 1.01E+06 3.44E+12 2.52E-02 1.14E+01 7.45E-11 r  4.6
  5.12E+10 1.33E-03 2.95E+33 1.01E+06 3.36E+12 2.47E-02 1.15E+01 6.90E-11 r  4.6
  5.12E+10 1.30E-03 2.95E+33 1.00E+06 3.27E+12 2.42E-02 1.15E+01 6.38E-11 r  4.6
  5.13E+10 1.27E-03 2.95E+33 9.95E+05 3.19E+12 2.38E-02 1.15E+01 5.90E-11 r  4.6
  5.14E+10 1.24E-03 2.95E+33 9.89E+05 3.11E+12 2.33E-02 1.16E+01 5.45E-11 r  4.6
  5.14E+10 1.22E-03 2.95E+33 9.84E+05 3.03E+12 2.28E-02 1.16E+01 5.04E-11 r  4.6
  5.15E+10 1.19E-03 2.95E+33 9.78E+05 2.96E+12 2.24E-02 1.16E+01 4.65E-11 r  4.6
  5.16E+10 1.17E-03 2.95E+33 9.73E+05 2.88E+12 2.20E-02 1.17E+01 4.29E-11 r  4.6
  5.16E+10 1.14E-03 2.95E+33 9.67E+05 2.81E+12 2.15E-02 1.17E+01 3.96E-11 r  4.6
  5.17E+10 1.12E-03 2.95E+33 9.62E+05 2.74E+12 2.11E-02 1.17E+01 3.66E-11 r  4.6
  5.18E+10 1.10E-03 2.95E+33 9.57E+05 2.67E+12 2.07E-02 1.18E+01 3.37E-11 r  4.6
  5.18E+10 1.07E-03 2.95E+33 9.51E+05 2.60E+12 2.03E-02 1.18E+01 3.11E-11 r  4.6
  5.19E+10 1.05E-03 2.95E+33 9.46E+05 2.54E+12 1.99E-02 1.18E+01 2.86E-11 r  4.6
  5.20E+10 1.03E-03 2.95E+33 9.40E+05 2.47E+12 1.95E-02 1.19E+01 2.64E-11 r  4.6
  5.20E+10 1.01E-03 2.95E+33 9.35E+05 2.41E+12 1.91E-02 1.19E+01 2.43E-11 r  4.6
  5.21E+10 9.84E-04 2.95E+33 9.30E+05 2.35E+12 1.87E-02 1.20E+01 2.24E-11 r  4.6
  5.22E+10 9.62E-04 2.95E+33 9.24E+05 2.29E+12 1.83E-02 1.20E+01 2.06E-11 r  4.6
  5.22E+10 9.41E-04 2.95E+33 9.19E+05 2.23E+12 1.79E-02 1.20E+01 1.89E-11 r  4.6
  5.23E+10 9.21E-04 2.95E+33 9.14E+05 2.17E+12 1.76E-02 1.21E+01 1.74E-11 r  4.6
  5.24E+10 9.00E-04 2.95E+33 9.08E+05 2.11E+12 1.72E-02 1.21E+01 1.60E-11 r  4.6
  5.24E+10 8.81E-04 2.95E+33 9.03E+05 2.06E+12 1.69E-02 1.22E+01 1.47E-11 r  4.6
  5.25E+10 8.61E-04 2.95E+33 8.98E+05 2.00E+12 1.65E-02 1.22E+01 1.35E-11 r  4.6
  5.26E+10 8.42E-04 2.95E+33 8.93E+05 1.95E+12 1.62E-02 1.22E+01 1.24E-11 r  4.6
  5.26E+10 8.23E-04 2.95E+33 8.87E+05 1.90E+12 1.58E-02 1.23E+01 1.14E-11 r  4.6
  5.27E+10 8.05E-04 2.95E+33 8.82E+05 1.85E+12 1.55E-02 1.23E+01 1.04E-11 r  4.6
  5.28E+10 7.87E-04 2.95E+33 8.77E+05 1.80E+12 1.52E-02 1.24E+01 9.56E-12 r  4.6
  5.28E+10 7.69E-04 2.95E+33 8.72E+05 1.75E+12 1.49E-02 1.24E+01 8.76E-12 r  4.6
  5.29E+10 7.51E-04 2.95E+33 8.67E+05 1.70E+12 1.46E-02 1.24E+01 8.02E-12 r  4.6
  5.30E+10 7.34E-04 2.95E+33 8.61E+05 1.66E+12 1.42E-02 1.25E+01 7.35E-12 r  4.6
  5.30E+10 7.17E-04 2.95E+33 8.56E+05 1.61E+12 1.39E-02 1.25E+01 6.72E-12 r  4.6
  5.31E+10 7.01E-04 2.95E+33 8.51E+05 1.57E+12 1.37E-02 1.26E+01 6.15E-12 r  4.6
  5.32E+10 6.85E-04 2.95E+33 8.46E+05 1.53E+12 1.34E-02 1.26E+01 5.62E-12 r  4.6
  5.32E+10 6.69E-04 2.95E+33 8.41E+05 1.48E+12 1.31E-02 1.26E+01 5.14E-12 r  4.6
  5.33E+10 6.53E-04 2.95E+33 8.36E+05 1.44E+12 1.28E-02 1.27E+01 4.69E-12 r  4.6
  5.34E+10 6.38E-04 2.95E+33 8.31E+05 1.40E+12 1.25E-02 1.27E+01 4.29E-12 r  4.6
  5.34E+10 6.23E-04 2.95E+33 8.26E+05 1.37E+12 1.22E-02 1.28E+01 3.91E-12 r  4.6
  5.35E+10 6.08E-04 2.95E+33 8.20E+05 1.33E+12 1.20E-02 1.28E+01 3.57E-12 r  4.6
  5.36E+10 5.94E-04 2.95E+33 8.15E+05 1.29E+12 1.17E-02 1.29E+01 3.25E-12 r  4.6
  5.36E+10 5.80E-04 2.95E+33 8.10E+05 1.25E+12 1.15E-02 1.29E+01 2.97E-12 r  4.6
  5.37E+10 5.66E-04 2.95E+33 8.05E+05 1.22E+12 1.12E-02 1.29E+01 2.70E-12 r  4.6
  5.38E+10 5.52E-04 2.95E+33 8.00E+05 1.19E+12 1.10E-02 1.30E+01 2.46E-12 r  4.6
  5.38E+10 5.39E-04 2.95E+33 7.95E+05 1.15E+12 1.07E-02 1.30E+01 2.24E-12 r  4.6
  5.39E+10 5.26E-04 2.95E+33 7.90E+05 1.12E+12 1.05E-02 1.31E+01 2.03E-12 r  4.6
  5.40E+10 5.13E-04 2.95E+33 7.85E+05 1.09E+12 1.03E-02 1.31E+01 1.85E-12 r  4.6
  5.40E+10 5.00E-04 2.95E+33 7.80E+05 1.06E+12 1.00E-02 1.32E+01 1.68E-12 r  4.6
  5.41E+10 4.88E-04 2.95E+33 7.75E+05 1.03E+12 9.80E-03 1.32E+01 1.53E-12 r  4.6
  5.42E+10 4.76E-04 2.95E+33 7.71E+05 9.97E+11 9.58E-03 1.33E+01 1.38E-12 r  4.6
  5.42E+10 4.64E-04 2.95E+33 7.66E+05 9.68E+11 9.37E-03 1.33E+01 1.26E-12 r  4.6
  5.43E+10 4.53E-04 2.95E+33 7.61E+05 9.40E+11 9.15E-03 1.34E+01 1.14E-12 r  4.6
  5.44E+10 4.41E-04 2.95E+33 7.56E+05 9.13E+11 8.95E-03 1.34E+01 1.03E-12 r  4.6
  5.44E+10 4.30E-04 2.95E+33 7.51E+05 8.86E+11 8.74E-03 1.35E+01 9.34E-13 r  4.6
  5.45E+10 4.19E-04 2.95E+33 7.46E+05 8.60E+11 8.54E-03 1.35E+01 8.45E-13 r  4.6
  5.46E+10 4.09E-04 2.95E+33 7.41E+05 8.35E+11 8.34E-03 1.36E+01 7.64E-13 r  4.6
  5.46E+10 3.98E-04 2.95E+33 7.36E+05 8.10E+11 8.15E-03 1.36E+01 6.91E-13 r  4.6
  5.47E+10 3.88E-04 2.95E+33 7.31E+05 7.86E+11 7.96E-03 1.37E+01 6.24E-13 r  4.6
  5.48E+10 3.78E-04 2.95E+33 7.27E+05 7.63E+11 7.78E-03 1.37E+01 5.64E-13 r  4.6
  5.48E+10 3.68E-04 2.95E+33 7.22E+05 7.40E+11 7.59E-03 1.38E+01 5.09E-13 r  4.6
  5.49E+10 3.58E-04 2.95E+33 7.17E+05 7.18E+11 7.41E-03 1.38E+01 4.59E-13 r  4.6
  5.50E+10 3.49E-04 2.95E+33 7.12E+05 6.96E+11 7.24E-03 1.39E+01 4.13E-13 r  4.6
  5.51E+10 3.40E-04 2.95E+33 7.07E+05 6.75E+11 7.07E-03 1.39E+01 3.72E-13 r  4.6
  5.51E+10 3.31E-04 2.95E+33 7.03E+05 6.55E+11 6.90E-03 1.40E+01 3.35E-13 r  4.6
  5.52E+10 3.22E-04 2.95E+33 6.98E+05 6.35E+11 6.73E-03 1.40E+01 3.01E-13 r  4.6
  5.53E+10 3.13E-04 2.95E+33 6.93E+05 6.15E+11 6.57E-03 1.41E+01 2.71E-13 r  4.6
  5.53E+10 3.05E-04 2.95E+33 6.88E+05 5.96E+11 6.41E-03 1.41E+01 2.43E-13 r  4.6
  5.54E+10 2.97E-04 2.95E+33 6.84E+05 5.78E+11 6.26E-03 1.42E+01 2.18E-13 r  4.6
  5.55E+10 2.89E-04 2.95E+33 6.79E+05 5.60E+11 6.11E-03 1.42E+01 1.96E-13 r  4.6
  5.55E+10 2.81E-04 2.95E+33 6.74E+05 5.42E+11 5.96E-03 1.43E+01 1.76E-13 r  4.6
  5.56E+10 2.73E-04 2.95E+33 6.70E+05 5.25E+11 5.81E-03 1.43E+01 1.57E-13 r  4.6
  5.57E+10 2.66E-04 2.95E+33 6.65E+05 5.09E+11 5.67E-03 1.44E+01 1.41E-13 r  4.6
  5.57E+10 2.58E-04 2.95E+33 6.60E+05 4.93E+11 5.53E-03 1.45E+01 1.26E-13 r  4.6
  5.58E+10 2.51E-04 2.95E+33 6.56E+05 4.77E+11 5.39E-03 1.45E+01 1.13E-13 r  4.6
  5.59E+10 2.44E-04 2.95E+33 6.51E+05 4.62E+11 5.25E-03 1.46E+01 1.01E-13 r  4.6
  5.59E+10 2.37E-04 2.95E+33 6.46E+05 4.47E+11 5.12E-03 1.46E+01 8.97E-14 r  4.6
  5.60E+10 2.30E-04 2.95E+33 6.42E+05 4.33E+11 4.99E-03 1.47E+01 8.00E-14 r  4.6
  5.61E+10 2.24E-04 2.95E+33 6.37E+05 4.19E+11 4.87E-03 1.47E+01 7.13E-14 r  4.6
  5.61E+10 2.17E-04 2.95E+33 6.32E+05 4.05E+11 4.74E-03 1.48E+01 6.35E-14 r  4.6
  5.62E+10 2.11E-04 2.95E+33 6.28E+05 3.92E+11 4.62E-03 1.49E+01 5.65E-14 r  4.6
  5.63E+10 2.05E-04 2.95E+33 6.23E+05 3.79E+11 4.50E-03 1.49E+01 5.02E-14 r  4.6
  5.63E+10 1.99E-04 2.95E+33 6.19E+05 3.67E+11 4.39E-03 1.50E+01 4.46E-14 r  4.6
  5.64E+10 1.93E-04 2.95E+33 6.14E+05 3.54E+11 4.27E-03 1.51E+01 3.96E-14 r  4.6
  5.65E+10 1.87E-04 2.95E+33 6.10E+05 3.43E+11 4.16E-03 1.51E+01 3.51E-14 r  4.6
  5.65E+10 1.82E-04 2.95E+33 6.05E+05 3.31E+11 4.05E-03 1.52E+01 3.11E-14 r  4.6
  5.66E+10 1.76E-04 2.95E+33 6.01E+05 3.20E+11 3.94E-03 1.52E+01 2.76E-14 r  4.6
  5.67E+10 1.71E-04 2.95E+33 5.96E+05 3.09E+11 3.84E-03 1.53E+01 2.44E-14 r  4.6
  5.67E+10 1.66E-04 2.95E+33 5.92E+05 2.99E+11 3.74E-03 1.54E+01 2.15E-14 r  4.6
  5.68E+10 1.61E-04 2.95E+33 5.87E+05 2.88E+11 3.64E-03 1.54E+01 1.90E-14 r  4.6
  5.69E+10 1.56E-04 2.95E+33 5.83E+05 2.78E+11 3.54E-03 1.55E+01 1.68E-14 r  4.6
  5.69E+10 1.51E-04 2.95E+33 5.78E+05 2.69E+11 3.44E-03 1.56E+01 1.48E-14 r  4.6
  5.70E+10 1.47E-04 2.95E+33 5.74E+05 2.60E+11 3.35E-03 1.56E+01 1.30E-14 r  4.6
  5.71E+10 1.42E-04 2.95E+33 5.69E+05 2.50E+11 3.26E-03 1.57E+01 1.15E-14 r  4.6
  5.71E+10 1.38E-04 2.95E+33 5.65E+05 2.42E+11 3.17E-03 1.58E+01 1.01E-14 r  4.6
  5.72E+10 1.33E-04 2.95E+33 5.60E+05 2.33E+11 3.08E-03 1.59E+01 8.84E-15 r  4.6
  5.73E+10 1.29E-04 2.95E+33 5.56E+05 2.25E+11 2.99E-03 1.59E+01 7.75E-15 r  4.6
  5.73E+10 1.25E-04 2.95E+33 5.52E+05 2.17E+11 2.91E-03 1.60E+01 6.79E-15 r  4.6
  5.74E+10 1.21E-04 2.95E+33 5.47E+05 2.09E+11 2.83E-03 1.61E+01 5.94E-15 r  4.6
  5.75E+10 1.17E-04 2.95E+33 5.43E+05 2.02E+11 2.75E-03 1.61E+01 5.20E-15 r  4.6
  5.75E+10 1.13E-04 2.95E+33 5.38E+05 1.94E+11 2.67E-03 1.62E+01 4.54E-15 r  4.6
  5.76E+10 1.09E-04 2.95E+33 5.34E+05 1.87E+11 2.59E-03 1.63E+01 3.96E-15 r  4.6
  5.77E+10 1.06E-04 2.95E+33 5.30E+05 1.80E+11 2.52E-03 1.64E+01 3.45E-15 r  4.6
  5.77E+10 1.02E-04 2.95E+33 5.25E+05 1.74E+11 2.45E-03 1.64E+01 3.00E-15 r  4.6
  5.78E+10 9.89E-05 2.95E+33 5.21E+05 1.67E+11 2.38E-03 1.65E+01 2.61E-15 r  4.6
  5.79E+10 9.56E-05 2.95E+33 5.17E+05 1.61E+11 2.31E-03 1.66E+01 2.27E-15 r  4.6
  5.79E+10 9.23E-05 2.95E+33 5.12E+05 1.55E+11 2.24E-03 1.67E+01 1.97E-15 r  4.6
  5.80E+10 8.92E-05 2.95E+33 5.08E+05 1.49E+11 2.17E-03 1.68E+01 1.71E-15 r  4.6
  5.81E+10 8.61E-05 2.95E+33 5.04E+05 1.43E+11 2.11E-03 1.68E+01 1.48E-15 r  4.6
  5.81E+10 8.32E-05 2.95E+33 5.00E+05 1.38E+11 2.04E-03 1.69E+01 1.28E-15 r  4.6
  5.82E+10 8.03E-05 2.95E+33 4.95E+05 1.33E+11 1.98E-03 1.70E+01 1.10E-15 r  4.6
  5.83E+10 7.75E-05 2.95E+33 4.91E+05 1.27E+11 1.92E-03 1.71E+01 9.50E-16 r  4.6
  5.83E+10 7.47E-05 2.95E+33 4.87E+05 1.23E+11 1.86E-03 1.72E+01 8.18E-16 r  4.6
  5.84E+10 7.21E-05 2.95E+33 4.83E+05 1.18E+11 1.81E-03 1.73E+01 7.03E-16 r  4.6
  5.85E+10 6.95E-05 2.95E+33 4.78E+05 1.13E+11 1.75E-03 1.73E+01 6.04E-16 r  4.6
  5.85E+10 6.70E-05 2.95E+33 4.74E+05 1.09E+11 1.70E-03 1.74E+01 5.18E-16 r  4.6
  5.86E+10 6.46E-05 2.95E+33 4.70E+05 1.04E+11 1.64E-03 1.75E+01 4.44E-16 r  4.6
  5.87E+10 6.22E-05 2.95E+33 4.66E+05 1.00E+11 1.59E-03 1.76E+01 3.79E-16 r  4.6
  5.87E+10 5.99E-05 2.95E+33 4.62E+05 9.60E+10 1.54E-03 1.77E+01 3.24E-16 r  4.6
  5.88E+10 5.77E-05 2.95E+33 4.57E+05 9.21E+10 1.49E-03 1.78E+01 2.76E-16 r  4.6
  5.89E+10 5.55E-05 2.95E+33 4.53E+05 8.83E+10 1.44E-03 1.79E+01 2.35E-16 r  4.6
  5.89E+10 5.34E-05 2.95E+33 4.49E+05 8.47E+10 1.40E-03 1.80E+01 2.00E-16 r  4.6
  5.90E+10 5.14E-05 2.95E+33 4.45E+05 8.12E+10 1.35E-03 1.81E+01 1.70E-16 r  4.6
  5.91E+10 4.94E-05 2.95E+33 4.41E+05 7.78E+10 1.31E-03 1.82E+01 1.44E-16 r  4.6
  5.92E+10 4.75E-05 2.95E+33 4.37E+05 7.45E+10 1.26E-03 1.83E+01 1.22E-16 r  4.6
  5.92E+10 4.57E-05 2.95E+33 4.33E+05 7.13E+10 1.22E-03 1.84E+01 1.03E-16 r  4.6
  5.93E+10 4.39E-05 2.95E+33 4.28E+05 6.83E+10 1.18E-03 1.85E+01 8.67E-17 r  4.6
  5.94E+10 4.22E-05 2.95E+33 4.24E+05 6.53E+10 1.14E-03 1.86E+01 7.30E-17 r  4.6
  5.94E+10 4.05E-05 2.95E+33 4.20E+05 6.25E+10 1.10E-03 1.87E+01 6.14E-17 r  4.6
  5.95E+10 3.89E-05 2.95E+33 4.16E+05 5.98E+10 1.06E-03 1.88E+01 5.15E-17 r  4.6
  5.96E+10 3.73E-05 2.95E+33 4.12E+05 5.71E+10 1.03E-03 1.89E+01 4.31E-17 r  4.6
  5.96E+10 3.58E-05 2.95E+33 4.08E+05 5.46E+10 9.91E-04 1.90E+01 3.60E-17 r  4.6
  5.97E+10 3.43E-05 2.95E+33 4.04E+05 5.22E+10 9.56E-04 1.91E+01 3.01E-17 r  4.6
  5.98E+10 3.29E-05 2.95E+33 4.00E+05 4.98E+10 9.22E-04 1.92E+01 2.50E-17 r  4.6
  5.98E+10 3.15E-05 2.95E+33 3.96E+05 4.76E+10 8.89E-04 1.93E+01 2.08E-17 r  4.6
  5.99E+10 3.02E-05 2.95E+33 3.92E+05 4.54E+10 8.57E-04 1.94E+01 1.73E-17 r  4.6
  6.00E+10 2.89E-05 2.95E+33 3.88E+05 4.33E+10 8.26E-04 1.95E+01 1.43E-17 r  4.6
  6.00E+10 2.77E-05 2.95E+33 3.84E+05 4.13E+10 7.96E-04 1.97E+01 1.18E-17 r  4.6
  6.01E+10 2.65E-05 2.95E+33 3.80E+05 3.94E+10 7.67E-04 1.98E+01 9.73E-18 r  4.6
  6.02E+10 2.53E-05 2.95E+33 3.76E+05 3.75E+10 7.38E-04 1.99E+01 8.00E-18 r  4.6
  6.02E+10 2.42E-05 2.95E+33 3.72E+05 3.57E+10 7.11E-04 2.00E+01 6.57E-18 r  4.6
  6.03E+10 2.31E-05 2.95E+33 3.68E+05 3.40E+10 6.84E-04 2.01E+01 5.38E-18 r  4.6
  6.04E+10 2.21E-05 2.95E+33 3.64E+05 3.24E+10 6.58E-04 2.03E+01 4.39E-18 r  4.6
  6.04E+10 2.11E-05 2.95E+33 3.60E+05 3.08E+10 6.33E-04 2.04E+01 3.58E-18 r  4.6
  6.05E+10 2.01E-05 2.95E+33 3.56E+05 2.93E+10 6.08E-04 2.05E+01 2.91E-18 r  4.6
  6.06E+10 1.92E-05 2.95E+33 3.52E+05 2.78E+10 5.85E-04 2.07E+01 2.36E-18 r  4.6
  6.06E+10 1.83E-05 2.95E+33 3.48E+05 2.64E+10 5.62E-04 2.08E+01 1.91E-18 r  4.6
  6.07E+10 1.74E-05 2.95E+33 3.44E+05 2.51E+10 5.39E-04 2.09E+01 1.54E-18 r  4.6
  6.08E+10 1.66E-05 2.95E+33 3.40E+05 2.38E+10 5.18E-04 2.11E+01 1.24E-18 r  4.6
  6.08E+10 1.58E-05 2.95E+33 3.36E+05 2.26E+10 4.97E-04 2.12E+01 9.95E-19 r  4.6
  6.09E+10 1.50E-05 2.95E+33 3.33E+05 2.14E+10 4.76E-04 2.14E+01 7.97E-19 r  4.6
  6.10E+10 1.43E-05 2.95E+33 3.29E+05 2.03E+10 4.57E-04 2.15E+01 6.36E-19 r  4.6
  6.10E+10 1.36E-05 2.95E+33 3.25E+05 1.92E+10 4.38E-04 2.16E+01 5.06E-19 r  4.6
  6.11E+10 1.29E-05 2.95E+33 3.21E+05 1.82E+10 4.19E-04 2.18E+01 4.01E-19 r  4.6
  6.12E+10 1.23E-05 2.95E+33 3.17E+05 1.72E+10 4.02E-04 2.20E+01 3.17E-19 r  4.6
  6.12E+10 1.16E-05 2.95E+33 3.13E+05 1.63E+10 3.84E-04 2.21E+01 2.50E-19 r  4.6
  6.13E+10 1.10E-05 2.95E+33 3.09E+05 1.54E+10 3.68E-04 2.23E+01 1.97E-19 r  4.6
  6.14E+10 1.05E-05 2.95E+33 3.06E+05 1.45E+10 3.52E-04 2.24E+01 1.54E-19 r  4.6
  6.14E+10 9.92E-06 2.95E+33 3.02E+05 1.37E+10 3.36E-04 2.26E+01 1.20E-19 r  4.6
  6.15E+10 9.39E-06 2.95E+33 2.98E+05 1.29E+10 3.21E-04 2.28E+01 9.35E-20 r  4.6
  6.16E+10 8.89E-06 2.95E+33 2.94E+05 1.22E+10 3.07E-04 2.29E+01 7.25E-20 r  4.6
  6.16E+10 8.40E-06 2.95E+33 2.90E+05 1.15E+10 2.93E-04 2.31E+01 5.60E-20 r  4.6
  6.17E+10 7.94E-06 2.95E+33 2.87E+05 1.08E+10 2.79E-04 2.33E+01 4.31E-20 r  4.6
  6.18E+10 7.50E-06 2.95E+33 2.83E+05 1.02E+10 2.66E-04 2.35E+01 3.30E-20 r  4.6
  6.18E+10 7.08E-06 2.95E+33 2.79E+05 9.58E+09 2.54E-04 2.36E+01 2.52E-20 r  4.6
  6.19E+10 6.67E-06 2.95E+33 2.75E+05 9.00E+09 2.42E-04 2.38E+01 1.91E-20 r  4.6
  6.20E+10 6.29E-06 2.95E+33 2.72E+05 8.45E+09 2.30E-04 2.40E+01 1.45E-20 r  4.6
  6.20E+10 5.92E-06 2.95E+33 2.68E+05 7.93E+09 2.19E-04 2.42E+01 1.09E-20 r  4.6
  6.21E+10 5.57E-06 2.95E+33 2.64E+05 7.43E+09 2.08E-04 2.44E+01 8.19E-21 r  4.6
  6.22E+10 5.24E-06 2.95E+33 2.60E+05 6.96E+09 1.98E-04 2.46E+01 6.12E-21 r  4.6
  6.22E+10 4.92E-06 2.95E+33 2.57E+05 6.52E+09 1.88E-04 2.48E+01 4.55E-21 r  4.6
  6.23E+10 4.62E-06 2.95E+33 2.53E+05 6.10E+09 1.78E-04 2.50E+01 3.36E-21 r  4.6
  6.24E+10 4.33E-06 2.95E+33 2.49E+05 5.70E+09 1.69E-04 2.52E+01 2.48E-21 r  4.6
  6.24E+10 4.06E-06 2.95E+33 2.45E+05 5.32E+09 1.60E-04 2.55E+01 1.81E-21 r  4.6
  6.25E+10 3.80E-06 2.95E+33 2.42E+05 4.97E+09 1.52E-04 2.57E+01 1.32E-21 r  4.6
  6.26E+10 3.56E-06 2.95E+33 2.38E+05 4.63E+09 1.44E-04 2.59E+01 9.55E-22 r  4.6
  6.26E+10 3.32E-06 2.95E+33 2.34E+05 4.31E+09 1.36E-04 2.62E+01 6.88E-22 r  4.6
  6.27E+10 3.10E-06 2.95E+33 2.31E+05 4.01E+09 1.29E-04 2.64E+01 4.92E-22 r  4.6
  6.28E+10 2.89E-06 2.95E+33 2.27E+05 3.73E+09 1.21E-04 2.67E+01 3.50E-22 r  4.6
  6.28E+10 2.70E-06 2.95E+33 2.23E+05 3.46E+09 1.15E-04 2.69E+01 2.47E-22 r  4.6
  6.29E+10 2.51E-06 2.95E+33 2.20E+05 3.21E+09 1.08E-04 2.72E+01 1.74E-22 r  4.6
  6.30E+10 2.33E-06 2.95E+33 2.16E+05 2.97E+09 1.02E-04 2.74E+01 1.21E-22 r  4.6
  6.30E+10 2.17E-06 2.95E+33 2.13E+05 2.75E+09 9.57E-05 2.77E+01 8.39E-23 r  4.6
  6.31E+10 2.01E-06 2.95E+33 2.09E+05 2.54E+09 9.00E-05 2.80E+01 5.77E-23 r  4.6
  6.32E+10 1.86E-06 2.95E+33 2.05E+05 2.35E+09 8.46E-05 2.83E+01 3.93E-23 r  4.6
  6.33E+10 1.72E-06 2.95E+33 2.02E+05 2.16E+09 7.94E-05 2.86E+01 2.66E-23 r  4.6
  6.33E+10 1.59E-06 2.95E+33 1.98E+05 1.99E+09 7.44E-05 2.89E+01 1.79E-23 r  4.6
  6.34E+10 1.47E-06 2.95E+33 1.95E+05 1.83E+09 6.97E-05 2.92E+01 1.19E-23 r  4.6
  6.35E+10 1.35E-06 2.95E+33 1.91E+05 1.68E+09 6.52E-05 2.95E+01 7.85E-24 r  4.6
  6.35E+10 1.25E-06 2.95E+33 1.87E+05 1.54E+09 6.09E-05 2.98E+01 5.13E-24 r  4.6
  6.36E+10 1.15E-06 2.95E+33 1.84E+05 1.41E+09 5.69E-05 3.02E+01 3.32E-24 r  4.6
  6.37E+10 1.05E-06 2.95E+33 1.80E+05 1.29E+09 5.30E-05 3.05E+01 2.13E-24 r  4.6
  6.37E+10 9.63E-07 2.95E+33 1.77E+05 1.18E+09 4.94E-05 3.09E+01 1.35E-24 r  4.6
  6.38E+10 8.81E-07 2.95E+33 1.73E+05 1.08E+09 4.59E-05 3.12E+01 8.47E-25 r  4.6
  6.39E+10 8.04E-07 2.95E+33 1.70E+05 9.79E+08 4.27E-05 3.16E+01 5.26E-25 r  4.6
  6.39E+10 7.33E-07 2.95E+33 1.66E+05 8.89E+08 3.96E-05 3.20E+01 3.22E-25 r  4.6
  6.40E+10 6.67E-07 2.95E+33 1.63E+05 8.06E+08 3.66E-05 3.24E+01 1.95E-25 r  4.6
  6.41E+10 6.06E-07 2.95E+33 1.59E+05 7.30E+08 3.39E-05 3.28E+01 1.17E-25 r  4.6
  6.41E+10 5.49E-07 2.95E+33 1.56E+05 6.59E+08 3.13E-05 3.33E+01 6.87E-26 r  4.6
  6.42E+10 4.96E-07 2.95E+33 1.52E+05 5.94E+08 2.88E-05 3.37E+01 3.99E-26 r  4.6
  6.43E+10 4.48E-07 2.95E+33 1.49E+05 5.34E+08 2.65E-05 3.42E+01 2.29E-26 r  4.6
  6.43E+10 4.03E-07 2.95E+33 1.45E+05 4.79E+08 2.44E-05 3.47E+01 1.29E-26 r  4.6
  6.44E+10 3.62E-07 2.95E+33 1.42E+05 4.29E+08 2.23E-05 3.52E+01 7.13E-27 r  4.6
  6.45E+10 3.24E-07 2.95E+33 1.38E+05 3.83E+08 2.04E-05 3.57E+01 3.88E-27 r  4.6
  6.45E+10 2.90E-07 2.95E+33 1.35E+05 3.41E+08 1.87E-05 3.62E+01 2.07E-27 r  4.6
  6.46E+10 2.58E-07 2.95E+33 1.31E+05 3.03E+08 1.70E-05 3.68E+01 1.09E-27 r  4.6
  6.47E+10 2.29E-07 2.95E+33 1.28E+05 2.68E+08 1.55E-05 3.74E+01 5.57E-28 r  4.6
  6.47E+10 2.03E-07 2.95E+33 1.25E+05 2.36E+08 1.40E-05 3.80E+01 2.80E-28 r  4.6
  6.48E+10 1.79E-07 2.95E+33 1.21E+05 2.08E+08 1.27E-05 3.86E+01 1.37E-28 r  4.6
  6.49E+10 1.58E-07 2.95E+33 1.18E+05 1.82E+08 1.15E-05 3.93E+01 6.55E-29 r  4.6
  6.49E+10 1.38E-07 2.95E+33 1.14E+05 1.59E+08 1.03E-05 3.99E+01 3.05E-29 r  4.6
  6.50E+10 1.21E-07 2.95E+33 1.11E+05 1.39E+08 9.24E-06 4.07E+01 1.38E-29 r  4.6
  6.51E+10 1.05E-07 2.95E+33 1.08E+05 1.20E+08 8.27E-06 4.14E+01 6.06E-30 r  4.6
  6.51E+10 9.11E-08 2.95E+33 1.04E+05 1.04E+08 7.37E-06 4.22E+01 2.58E-30 r  4.6
  6.52E+10 7.86E-08 2.95E+33 1.01E+05 8.93E+07 6.54E-06 4.31E+01 1.06E-30 r  4.6
  6.53E+10 6.75E-08 2.95E+33 9.74E+04 7.63E+07 5.79E-06 4.39E+01 4.18E-31 r  4.6
  6.53E+10 5.76E-08 2.95E+33 9.41E+04 6.50E+07 5.10E-06 4.49E+01 1.59E-31 r  4.6
  6.54E+10 4.89E-08 2.95E+33 9.07E+04 5.50E+07 4.48E-06 4.58E+01 5.77E-32 r  4.6
  6.55E+10 4.13E-08 2.95E+33 8.74E+04 4.62E+07 3.91E-06 4.69E+01 2.00E-32 r  4.6
  6.55E+10 3.47E-08 2.95E+33 8.40E+04 3.87E+07 3.40E-06 4.80E+01 6.59E-33 r  4.6
  6.56E+10 2.89E-08 2.95E+33 8.07E+04 3.21E+07 2.94E-06 4.92E+01 2.05E-33 r  4.6
  6.57E+10 2.39E-08 2.95E+33 7.74E+04 2.64E+07 2.52E-06 5.04E+01 5.99E-34 r  4.6
  6.57E+10 1.96E-08 2.95E+33 7.40E+04 2.16E+07 2.16E-06 5.18E+01 1.64E-34 r  4.6
  6.58E+10 1.60E-08 2.95E+33 7.07E+04 1.75E+07 1.83E-06 5.32E+01 4.16E-35 r  4.6
  6.59E+10 1.29E-08 2.95E+33 6.74E+04 1.40E+07 1.54E-06 5.47E+01 9.71E-36 r  4.6
  6.59E+10 1.03E-08 2.95E+33 6.41E+04 1.12E+07 1.28E-06 5.64E+01 2.07E-36 r  4.6
  6.60E+10 8.10E-09 2.95E+33 6.08E+04 8.76E+06 1.06E-06 5.82E+01 3.97E-37 r  4.6
  6.61E+10 6.32E-09 2.95E+33 5.75E+04 6.78E+06 8.70E-07 6.02E+01 6.78E-38 r  4.6
  6.61E+10 4.86E-09 2.95E+33 5.43E+04 5.18E+06 7.05E-07 6.23E+01 1.02E-38 r  4.6
  6.62E+10 3.68E-09 2.95E+33 5.10E+04 3.89E+06 5.63E-07 6.47E+01 1.31E-39 r  4.6
  6.63E+10 2.75E-09 2.95E+33 4.77E+04 2.87E+06 4.44E-07 6.73E+01 1.42E-40 r  4.6
  6.63E+10 2.02E-09 2.95E+33 4.45E+04 2.08E+06 3.44E-07 7.02E+01 1.25E-41 r  4.6
  6.64E+10 1.45E-09 2.95E+33 4.12E+04 1.47E+06 2.62E-07 7.35E+01 8.75E-43 r  4.6
  6.65E+10 1.02E-09 2.95E+33 3.80E+04 1.01E+06 1.95E-07 7.72E+01 4.61E-44 r  4.6
  6.65E+10 7.10E-10 2.95E+33 3.48E+04 6.69E+05 1.42E-07 8.15E+01 1.73E-45 r  4.7
  6.66E+10 4.44E-10 2.95E+33 3.13E+04 4.08E+05 9.61E-08 8.65E+01 3.00E-47 r  4.7
  6.67E+10 2.63E-10 2.95E+33 2.78E+04 2.34E+05 6.21E-08 9.24E+01 2.75E-49 r  4.7
  6.67E+10 1.45E-10 2.95E+33 2.43E+04 1.25E+05 3.79E-08 9.95E+01 1.10E-51 r  4.7
  6.68E+10 7.36E-11 2.95E+33 2.08E+04 6.04E+04 2.14E-08 1.08E+02 1.40E-54 r  4.7
  6.69E+10 3.31E-11 2.95E+33 1.73E+04 2.55E+04 1.08E-08 1.19E+02 3.45E-58 r  4.7
  6.69E+10 1.25E-11 2.95E+33 1.38E+04 8.82E+03 4.68E-09 1.33E+02 6.85E-63 r  4.8
  6.70E+10 3.62E-12 2.95E+33 1.04E+04 2.21E+03 1.56E-09 1.51E+02 1.83E-69 r  4.9
  6.71E+10 6.45E-13 2.95E+33 6.90E+03 3.00E+02 3.16E-10 1.75E+02 8.28E-80 r  4.9
  6.71E+10 4.12E-14 2.95E+33 3.45E+03 1.03E+01 2.15E-11 2.31E+02 7.53-101 r  4.2
  6.72E+10 0.00E+00 2.95E+33 0.00E+00 0.00E+00 0.00E+00 0.00E+00 0.00E+00 r  4.2
